-9.666045308113098145e-01 1.297818571329116821e-01 -4.779994189739227295e-01 1.179509516805410385e-02 5.454115271568298340e-01 -2.861571907997131348e-01 2.921247109770774841e-02 1.368645071983337402e+00 1.973456144332885742e+00 5.299486160278320312e+00 -1.369693279266357422e-01 2.033720254898071289e+00 1.876507282257080078e+00 2.503204584121704102e+00 -2.892198562622070312e+00 3.186957359313964844e+00 -3.305086493492126465e-01 1.583114027976989746e+00 7.828025817871093750e-01 6.400384426116943359e+00
5.119764246046543121e-04 -1.691388548351824284e-03 2.960228302981704473e-04 1.663856528466567397e-04 -3.657468128949403763e-03 -1.120627624914050102e-03 -1.587854349054396152e-04 3.746427828446030617e-03 -4.494229331612586975e-03 -3.036549314856529236e-04 3.059259324800223112e-04 1.468371716327965260e-03 -8.089024340733885765e-04 1.037534326314926147e-03 -1.048429912771098316e-04 -1.094983192160725594e-03 -8.807594422250986099e-04 -2.421201352262869477e-04 -1.843032659962773323e-04 7.757693529129028320e-04
-8.812072753906250000e+00 1.582333469390869141e+01 2.488252639770507812e+01 -6.808282375335693359e+00 5.230344772338867188e+00 -1.121826267242431641e+01 1.125813865661621094e+01 2.473674774169921875e+00 -4.719959735870361328e+00 -6.813959598541259766e+00 -4.880602836608886719e+00 1.564743137359619141e+01 4.090189456939697266e+00 9.770830154418945312e+00 -4.575366497039794922e+00 1.957842826843261719e+01 1.465301132202148438e+01 3.571413040161132812e+00 -2.821479320526123047e+00 1.983282661437988281e+01
-4.688680171966552734e-02 -8.661615848541259766e-01 -7.755673527717590332e-01 1.319517642259597778e-01 -8.220928907394409180e-02 -1.677896857261657715e+00 1.649264812469482422e+00 1.676627516746520996e+00 -6.056082248687744141e-01 -4.022380411624908447e-01 1.493354082107543945e+00 -3.723896145820617676e-01 -1.642984151840209961e+00 2.111137211322784424e-01 7.370810508728027344e-01 4.481712579727172852e-01 2.235190868377685547e-01 1.908996105194091797e+00 -7.868407964706420898e-01 6.973182201385498047e+00
-3.432201385498046875e+01 -4.963982105255126953e-01 -1.255805873870849609e+01 8.771948814392089844e+00 7.587599277496337891e+00 -1.115341091156005859e+01 -1.706414818763732910e+00 -1.325972795486450195e+00 6.412791252136230469e+00 1.420759677886962891e+00 2.832383155822753906e+00 7.030874490737915039e-01 4.601151645183563232e-01 3.033621072769165039e+00 -7.188790440559387207e-01 -1.809965848922729492e+00 -5.344667911529541016e+00 2.523305177688598633e+00 -3.308129906654357910e-01 9.386766433715820312e+00
-1.455951690673828125e+01 -9.993989467620849609e-01 -5.540573596954345703e+00 8.813452720642089844e-01 4.648038387298583984e+00 -2.549890756607055664e+00 -3.143116712570190430e+00 3.436128616333007812e+00 -1.066927194595336914e+00 1.173974037170410156e+00 -1.796009063720703125e+00 -2.536063671112060547e+00 -3.617675900459289551e-01 2.876070499420166016e+00 -3.264129877090454102e+00 -1.071130275726318359e+00 -5.768511772155761719e+00 4.361485004425048828e+00 4.655322134494781494e-01 8.336217880249023438e+00
1.045508027076721191e+00 2.283718109130859375e+00 2.984945297241210938e+00 1.190081954002380371e+00 -9.792202711105346680e-01 2.856289148330688477e+00 3.907511234283447266e-01 1.231475162506103516e+01 1.741294026374816895e+00 -1.274449539184570312e+01 3.055303096771240234e+00 -3.910158538818359375e+01 1.940194511413574219e+01 2.645350265502929688e+01 -2.271804618835449219e+01 6.099121570587158203e+00 -1.019706439971923828e+01 4.088145732879638672e+00 1.742955207824707031e+00 1.120796108245849609e+01
1.645791977643966675e-01 -1.548658609390258789e-01 3.627130389213562012e-02 6.566377729177474976e-02 5.720623210072517395e-02 5.680347979068756104e-02 -2.075870037078857422e-01 -1.016907572746276855e+00 -7.289476394653320312e-01 -8.785910606384277344e-01 -4.179868996143341064e-01 -4.153228364884853363e-03 5.436735153198242188e-01 3.647309541702270508e+00 7.635811328887939453e+00 -2.767708301544189453e+00 4.107772827148437500e+00 -7.088672637939453125e+00 1.080437393188476562e+02 2.533721733093261719e+01
2.306768417358398438e+00 2.013801813125610352e+00 5.283190727233886719e+00 -6.880858540534973145e-01 -7.459209561347961426e-01 2.725854396820068359e+00 4.619981765747070312e+00 1.312197303771972656e+01 8.514609336853027344e+00 3.286074447631835938e+01 3.774509668350219727e+00 1.227822899818420410e+00 2.027740478515625000e+00 2.634666204452514648e+00 -4.819267749786376953e+00 3.857337236404418945e+00 -1.708364486694335938e+00 1.006489992141723633e+00 2.463747262954711914e+00 6.118755340576171875e+00
-9.387961626052856445e-01 6.113586425781250000e-01 2.525965213775634766e+00 -4.187733173370361328e+00 3.568925336003303528e-02 -1.253260612487792969e+00 -2.508275806903839111e-01 -1.825064420700073242e+00 3.785890102386474609e+00 -3.644007921218872070e+00 -3.564442157745361328e+00 1.336400413513183594e+01 -1.461808681488037109e-01 1.406691551208496094e+01 -6.217662334442138672e+00 1.615938568115234375e+01 7.686635017395019531e+00 1.619382977485656738e+00 -1.904269695281982422e+00 1.320293140411376953e+01
-3.133857250213623047e+00 -1.691028785705566406e+01 9.385339021682739258e-01 -9.653861045837402344e+00 2.113419532775878906e+00 -5.081271648406982422e+00 1.336338138580322266e+01 5.102447509765625000e+00 -7.167874336242675781e+00 1.466324478387832642e-01 5.739068031311035156e+00 -1.203117561340332031e+01 -1.289974403381347656e+01 -7.271061897277832031e+00 6.705712795257568359e+00 1.504936790466308594e+01 9.562697410583496094e+00 5.947327613830566406e+00 -3.118243932723999023e+00 2.497172927856445312e+01
1.007452869415283203e+01 -1.014393091201782227e+00 5.132903575897216797e+00 3.379172563552856445e+00 -2.650301218032836914e+00 -2.270643806457519531e+01 -1.215643405914306641e+01 5.063446998596191406e+00 1.411116790771484375e+01 -5.793204784393310547e+00 2.462757492065429688e+01 3.264068603515625000e+00 8.847549438476562500e+00 -5.666388511657714844e+00 1.382344913482666016e+01 3.920597791671752930e+00 -1.208078670501708984e+01 8.737800598144531250e+00 -2.717083454132080078e+00 2.182262992858886719e+01
2.368273496627807617e+00 -4.101667404174804688e+00 -2.666932582855224609e+00 2.299837768077850342e-01 6.960375785827636719e+00 -8.600902557373046875e+00 2.734081268310546875e+00 9.881944656372070312e+00 6.627734661102294922e+00 -3.289813995361328125e+00 -2.772032737731933594e+01 1.993978023529052734e+00 -2.419789314270019531e+00 -5.002946853637695312e-01 1.257352733612060547e+01 3.025522708892822266e+00 -2.837651062011718750e+01 1.116624546051025391e+01 -1.082135081291198730e+00 1.751971435546875000e+01
8.081465721130371094e+00 -7.182343482971191406e+00 -4.021363258361816406e-01 -2.578713893890380859e+00 3.502860069274902344e+00 -1.505785751342773438e+01 9.648769378662109375e+00 -2.651119041442871094e+01 -7.913924694061279297e+00 9.332645416259765625e+00 -3.197287082672119141e+00 -5.737948894500732422e+00 1.330362915992736816e+00 6.223643302917480469e+00 -6.177785873413085938e+00 1.657681584358215332e+00 -1.596758556365966797e+01 5.220849990844726562e+00 -1.061767861247062683e-01 1.184612560272216797e+01
1.737700939178466797e+00 -1.100551709532737732e-01 1.239409685134887695e+00 -5.454622209072113037e-02 1.207980215549468994e-01 1.005693316459655762e+00 1.743079900741577148e+00 3.482051372528076172e+00 6.330943584442138672e+00 -9.415824890136718750e+00 3.120675802230834961e+00 6.489826202392578125e+00 -1.118120574951171875e+01 -2.647728919982910156e+01 -3.856510543823242188e+01 3.140131235122680664e+00 -1.270817375183105469e+01 4.301867008209228516e+00 1.117216014862060547e+01 1.291878414154052734e+01
4.758521318435668945e-01 7.924699783325195312e-01 -5.745850205421447754e-01 5.526617765426635742e-01 3.017223179340362549e-01 3.435005843639373779e-01 3.001274108886718750e+00 8.398633956909179688e+00 5.805552959442138672e+00 2.571757316589355469e+01 3.201058864593505859e+00 1.598914742469787598e+00 1.743080377578735352e+00 3.312095880508422852e+00 -6.412940025329589844e+00 3.020753860473632812e+00 -2.509938955307006836e+00 1.723694324493408203e+00 1.544283509254455566e+00 7.539577007293701172e+00
4.209828376770019531e+00 -7.936000347137451172e+00 -9.970891952514648438e+00 -3.686759948730468750e+00 -3.458684921264648438e+00 1.962495684623718262e+00 -5.731791496276855469e+00 -2.825357913970947266e+00 8.322052955627441406e+00 -3.473227977752685547e+00 -3.225826978683471680e+00 1.368386077880859375e+01 9.982395917177200317e-02 1.724221801757812500e+01 -8.050422668457031250e+00 1.444686412811279297e+01 5.836425781250000000e+00 2.220868587493896484e+00 -1.320648074150085449e+00 1.149535942077636719e+01
1.584247708320617676e+00 5.497172355651855469e+00 -1.281558632850646973e+00 7.955758571624755859e-01 -1.797308564186096191e+00 -6.560064315795898438e+00 -6.936261653900146484e+00 -1.058359384536743164e+00 -9.914422035217285156e-01 2.258376836776733398e+00 -3.477173328399658203e+00 -1.178616237640380859e+01 -2.047543334960937500e+01 -3.727720379829406738e-01 1.642030715942382812e+00 9.729722023010253906e+00 9.650370597839355469e+00 -4.505726337432861328e+00 -3.429981231689453125e+00 1.862225151062011719e+01
3.879553079605102539e-01 3.122946500778198242e+00 -1.422644734382629395e+00 -9.058369398117065430e-01 -3.466982841491699219e+00 -3.479817867279052734e+00 3.564917325973510742e+00 3.719500780105590820e+00 -3.555606365203857422e+00 -2.049579620361328125e+00 3.767678022384643555e+00 2.043992996215820312e+00 9.627008438110351562e-01 1.435705572366714478e-01 1.284556508064270020e+00 -2.644758224487304688e+00 -6.517199277877807617e-01 -8.347578048706054688e+00 -3.332280158996582031e+00 1.739216423034667969e+01
6.233702301979064941e-01 -7.866415381431579590e-01 2.391067981719970703e+00 3.356772422790527344e+00 -6.383314609527587891e+00 -4.781618714332580566e-01 -8.243618607521057129e-01 9.865089416503906250e+00 -1.068206024169921875e+01 -2.672330617904663086e+00 3.256768703460693359e+00 6.824724197387695312e+00 -6.381346225738525391e+00 8.007995605468750000e+00 2.944746613502502441e-01 -1.127333068847656250e+01 -4.914557456970214844e+00 3.333859205245971680e+00 -3.159882068634033203e+00 1.824694061279296875e+01
-1.924830973148345947e-01 -6.947434544563293457e-01 8.015609383583068848e-01 3.527951955795288086e+00 -7.527503967285156250e-01 1.350774526596069336e+00 -1.635096520185470581e-01 5.008567571640014648e-01 -7.892085552215576172e+00 -4.776109457015991211e-01 4.741166591644287109e+00 5.278012275695800781e+00 -8.232168197631835938e+00 1.064196205139160156e+01 -1.433379411697387695e+00 -1.244484615325927734e+01 -4.630134582519531250e+00 6.531095981597900391e+00 -2.886841297149658203e+00 1.546452331542968750e+01
-3.863728344440460205e-01 3.740645349025726318e-01 9.775720834732055664e-01 2.487382650375366211e+00 1.657713174819946289e+00 3.929739475250244141e+00 1.561146527528762817e-01 -1.325318813323974609e-01 -2.107891559600830078e+00 -1.230748414993286133e+00 5.336232185363769531e+00 4.171237468719482422e+00 -7.579455375671386719e+00 7.514187335968017578e+00 -6.980039477348327637e-01 -1.234705734252929688e+01 -1.969485282897949219e+00 6.248090744018554688e+00 -2.904590129852294922e+00 1.547288036346435547e+01
4.882276058197021484e+00 1.067672729492187500e+00 1.796250343322753906e-01 2.172973871231079102e+00 1.098896694183349609e+01 5.048841953277587891e+00 8.065681457519531250e+00 4.011022090911865234e+00 2.618819475173950195e+00 -3.514657497406005859e+00 5.628385066986083984e+00 -6.144134402275085449e-01 -1.287760829925537109e+01 6.214107513427734375e+00 1.846723437309265137e+00 -1.580835533142089844e+01 6.048978328704833984e+00 1.306291484832763672e+01 -3.963330030441284180e+00 2.143011474609375000e+01
3.224065542221069336e+00 4.901350498199462891e+00 7.944723367691040039e-01 -3.799319028854370117e+00 1.483154678344726562e+01 5.724575042724609375e+00 6.554683685302734375e+00 -2.825952529907226562e+00 1.716466331481933594e+01 -3.440245389938354492e+00 6.550677776336669922e+00 -1.079329401254653931e-01 -8.266356468200683594e+00 6.776422023773193359e+00 1.349222898483276367e+00 -2.069340515136718750e+01 6.580536842346191406e+00 1.428190326690673828e+01 -3.571123361587524414e+00 2.118960380554199219e+01
6.946000456809997559e-01 -1.088099122047424316e+00 7.076574563980102539e-01 -1.250604915618896484e+01 9.168455004692077637e-01 -4.444591999053955078e-01 -2.387625724077224731e-01 -3.428499460220336914e+00 1.282277297973632812e+01 -7.048495411872863770e-01 -3.611461400985717773e+00 -3.553474903106689453e+00 -1.519659161567687988e+00 1.041721343994140625e+00 -9.804182648658752441e-01 -2.052733612060546875e+01 1.259337425231933594e+01 1.845267486572265625e+01 -3.487692356109619141e+00 2.215526008605957031e+01
-7.785119533538818359e+00 -8.171024322509765625e+00 5.981515884399414062e+00 1.990182161331176758e+00 -2.998006439208984375e+01 -4.792417049407958984e+00 4.929696083068847656e+00 -5.747240066528320312e+00 1.244051837921142578e+01 8.825746178627014160e-01 -1.123425197601318359e+01 -4.059517383575439453e+00 5.892366409301757812e+00 -4.382531642913818359e+00 -2.742111444473266602e+00 -1.900992202758789062e+01 1.710136413574218750e+01 1.988735580444335938e+01 -3.298171281814575195e+00 2.408868598937988281e+01
9.641385078430175781e+00 4.596640586853027344e+00 -7.111394882202148438e+00 3.100265121459960938e+01 5.484440326690673828e+00 -4.709256887435913086e-01 1.123380088806152344e+01 -6.056753396987915039e-01 -3.049874901771545410e-01 -2.548777580261230469e+00 -4.517460346221923828e+00 2.857496261596679688e+00 8.248797416687011719e+00 -2.296728610992431641e+00 -2.236852645874023438e-01 5.421053171157836914e-01 1.493486785888671875e+01 1.496754550933837891e+01 -2.979315757751464844e+00 2.061909675598144531e+01
-6.773544847965240479e-02 -9.984282493591308594e+00 -1.565348386764526367e+00 -2.598686695098876953e+00 4.242929935455322266e+00 -4.776538610458374023e-01 9.050121307373046875e+00 2.947881221771240234e+00 -6.258113384246826172e+00 -9.007374644279479980e-01 4.378825664520263672e+00 -8.295161247253417969e+00 -4.792300224304199219e+00 -7.905184745788574219e+00 6.598995685577392578e+00 1.105555343627929688e+01 8.274023056030273438e+00 1.169160747528076172e+01 -2.497906684875488281e+00 2.139234161376953125e+01
-1.192766893655061722e-02 2.836074829101562500e+00 2.259331226348876953e+00 2.033683776855468750e+00 -2.359010934829711914e+00 -3.128741979598999023e+00 -6.352152347564697266e+00 -2.085905671119689941e-01 7.781460762023925781e+00 -3.395200252532958984e+00 1.440297412872314453e+01 2.357766628265380859e+00 7.548610210418701172e+00 -5.197517395019531250e+00 1.167894649505615234e+01 6.003030300140380859e+00 -1.113040637969970703e+01 7.487769603729248047e+00 -2.392022371292114258e+00 2.035677146911621094e+01
2.344756364822387695e+00 2.822656631469726562e+00 1.110653877258300781e+00 -8.251927495002746582e-01 1.332389414310455322e-01 4.405863285064697266e+00 2.649334907531738281e+00 5.996646881103515625e+00 4.914854526519775391e+00 -2.398443698883056641e+00 -2.257438468933105469e+01 7.340648770332336426e-01 -2.066767930984497070e+00 -1.523482322692871094e+00 1.333822345733642578e+01 4.919756412506103516e+00 -2.520626068115234375e+01 1.164725589752197266e+01 -1.252431392669677734e+00 1.799905967712402344e+01
3.322390079498291016e+00 1.850721985101699829e-01 5.900166630744934082e-01 -1.367675185203552246e+00 3.512914180755615234e-01 -4.573034763336181641e+00 4.395115375518798828e+00 -1.830589103698730469e+01 -3.978708267211914062e+00 5.727659225463867188e+00 9.830904603004455566e-01 -3.650085926055908203e+00 2.507698774337768555e+00 3.779854536056518555e+00 -3.588608980178833008e+00 1.718938827514648438e+00 -1.254151725769042969e+01 3.375189781188964844e+00 -3.960172533988952637e-01 1.181906127929687500e+01
2.580678462982177734e-01 7.147034406661987305e-01 2.510973513126373291e-01 3.599565923213958740e-01 1.612606346607208252e-01 9.569612145423889160e-02 6.435741782188415527e-01 4.320174455642700195e-01 2.271192312240600586e+00 -4.251639366149902344e+00 1.237020969390869141e+00 4.378492355346679688e+00 -6.753404617309570312e+00 -1.598443794250488281e+01 -2.523764419555664062e+01 2.018095016479492188e+00 -9.774811744689941406e+00 3.479215383529663086e+00 5.991526603698730469e+00 1.103806114196777344e+01
3.916936218738555908e-01 7.402197271585464478e-02 -9.896599054336547852e-01 2.904607355594635010e-01 1.913290023803710938e-01 3.905269801616668701e-01 1.699531555175781250e+00 5.391580104827880859e+00 3.703255176544189453e+00 1.800594902038574219e+01 2.025750875473022461e+00 9.494802951812744141e-01 1.458158254623413086e+00 1.947878122329711914e+00 -4.601445674896240234e+00 2.410128831863403320e+00 -2.060212135314941406e+00 1.542961835861206055e+00 1.148302793502807617e+00 6.529673576354980469e+00
-1.097504794597625732e-02 1.178103592246770859e-02 -1.917893253266811371e-02 4.124331474304199219e-02 -4.958647303283214569e-03 2.735869027674198151e-02 -1.021405495703220367e-02 1.214978168718516827e-03 7.039739284664392471e-03 -4.386250395327806473e-03 -1.377353910356760025e-02 -2.679485268890857697e-02 -3.404277190566062927e-02 1.352353300899267197e-02 6.981419399380683899e-03 1.455271523445844650e-02 1.943947933614253998e-02 1.902679726481437683e-02 1.763911102898418903e-03 3.222675248980522156e-02
3.572006464004516602e+00 -6.964901447296142578e+00 -8.915951728820800781e+00 -2.534707546234130859e+00 -2.636120319366455078e+00 2.388922691345214844e+00 -4.659540176391601562e+00 -2.058336734771728516e+00 7.033527374267578125e+00 -2.754366636276245117e+00 -2.622574090957641602e+00 1.138192749023437500e+01 6.977969408035278320e-01 1.448515892028808594e+01 -6.402763843536376953e+00 1.151994323730468750e+01 4.708364963531494141e+00 1.827594280242919922e+00 -1.235017657279968262e+00 9.704804420471191406e+00
2.016749858856201172e+00 8.989736557006835938e+00 -1.927520632743835449e+00 3.332370996475219727e+00 -2.749460458755493164e+00 -4.758718490600585938e+00 -1.278878021240234375e+01 -2.681957483291625977e+00 9.103507995605468750e-01 3.565219402313232422e+00 -3.936470270156860352e+00 -1.002757835388183594e+01 -1.920262145996093750e+01 1.318091750144958496e+00 7.469279319047927856e-02 7.849929809570312500e+00 7.885666847229003906e+00 -2.342026233673095703e+00 -2.521049499511718750e+00 1.575672435760498047e+01
1.350543498992919922e-01 4.672883510589599609e+00 -4.764705657958984375e+00 -2.695448398590087891e+00 -1.499169826507568359e+00 -2.715107202529907227e+00 6.126965045928955078e+00 1.138764023780822754e+00 1.331581473350524902e+00 -2.120897293090820312e+00 2.285331010818481445e+00 5.991584062576293945e-01 3.665143728256225586e+00 -1.882708668708801270e+00 1.541355848312377930e+00 -2.594403266906738281e+00 5.916125178337097168e-01 -2.065892219543457031e+01 -5.531692504882812500e+00 2.373237991333007812e+01
1.040084242820739746e+00 -3.413444757461547852e+00 6.195992827415466309e-01 3.578937351703643799e-01 -8.039908409118652344e+00 -2.653288602828979492e+00 -3.981022834777832031e-01 1.026507759094238281e+01 -1.265437412261962891e+01 -9.284275770187377930e-01 9.840019941329956055e-01 5.078321456909179688e+00 -3.117124557495117188e+00 4.153512001037597656e+00 -4.579219818115234375e-01 -5.539593219757080078e+00 -4.587539196014404297e+00 -1.984049320220947266e+00 -2.289195060729980469e+00 1.580914592742919922e+01
3.937135338783264160e-01 -3.192354202270507812e+00 1.556910425424575806e-01 2.318892955780029297e+00 -3.620017051696777344e+00 -2.440928697586059570e+00 -2.462604999542236328e+00 3.003015756607055664e+00 -1.217119026184082031e+01 1.177853107452392578e+00 3.778839111328125000e+00 5.533121109008789062e+00 -3.486712694168090820e+00 7.979208469390869141e+00 -1.915196776390075684e+00 -7.094483375549316406e+00 -5.503598690032958984e+00 1.497216701507568359e+00 -1.854096412658691406e+00 1.076750278472900391e+01
-1.958751916885375977e+00 -9.604569673538208008e-01 -2.908713221549987793e-01 1.238102674484252930e+00 1.045740842819213867e+00 1.154131293296813965e+00 -3.899699211120605469e+00 1.134155988693237305e+00 -8.082335472106933594e+00 1.554820835590362549e-01 3.573475599288940430e+00 4.807506084442138672e+00 -4.395479679107666016e+00 6.025336742401123047e+00 -3.675753116607666016e+00 -8.433897018432617188e+00 -3.773963689804077148e+00 3.944662570953369141e+00 -1.487294316291809082e+00 9.927956581115722656e+00
-2.323826253414154053e-01 9.255329519510269165e-02 -1.109652996063232422e+00 -1.888203501701354980e+00 3.128330469131469727e+00 -6.983655691146850586e-02 -2.596772193908691406e+00 1.204959034919738770e+00 -2.741506338119506836e+00 5.677842497825622559e-01 5.275332927703857422e-01 8.885321617126464844e-01 1.394659042358398438e+00 8.950178027153015137e-01 -9.439725875854492188e-01 -2.369950056076049805e+00 1.104259565472602844e-01 3.289600372314453125e+00 -6.261436343193054199e-01 5.891332626342773438e+00
1.338022828102111816e+00 1.770443439483642578e+00 -2.883898973464965820e+00 -1.016305255889892578e+01 9.017007827758789062e+00 2.115685939788818359e-01 -8.625722885131835938e+00 7.226324677467346191e-01 -5.420936584472656250e+00 1.197112202644348145e+00 -1.024666666984558105e+00 2.759464979171752930e-01 6.943070888519287109e+00 -2.084876537322998047e+00 -1.231517076492309570e+00 -7.492694377899169922e+00 3.339717388153076172e+00 1.005883884429931641e+01 -1.460717082023620605e+00 1.256819915771484375e+01
8.901405930519104004e-01 3.433120012283325195e+00 -2.755061149597167969e+00 -9.691583633422851562e+00 4.796232700347900391e+00 -5.950859785079956055e-01 -1.133917808532714844e+01 -3.828810751438140869e-01 -6.345558166503906250e+00 2.403558492660522461e+00 -4.560743331909179688e+00 -4.577238559722900391e-01 1.325704002380371094e+01 -7.447811603546142578e+00 -1.887702465057373047e+00 -5.511858463287353516e+00 7.091315746307373047e+00 1.164412307739257812e+01 -1.596271395683288574e+00 1.736936950683593750e+01
4.334697723388671875e-01 2.898713827133178711e+00 -1.419063359498977661e-01 2.199271678924560547e+00 -2.329316616058349609e+00 -1.599964201450347900e-01 -5.882368564605712891e+00 5.682172998785972595e-02 -9.438851356506347656e+00 3.509977340698242188e+00 -7.348930835723876953e+00 -1.864460468292236328e+00 1.330084228515625000e+01 -1.096597862243652344e+01 -1.951074600219726562e+00 3.373077809810638428e-01 9.994166374206542969e+00 1.183421230316162109e+01 -1.156318187713623047e+00 1.961347770690917969e+01
1.222474932670593262e+00 8.156121969223022461e-01 -2.032414197921752930e+00 7.849164962768554688e+00 3.043638467788696289e+00 3.081776380538940430e+00 3.304816961288452148e+00 -6.487724184989929199e-01 -4.521917819976806641e+00 -8.036264777183532715e-01 -4.990583360195159912e-01 4.545772075653076172e+00 8.526797294616699219e+00 -1.712632775306701660e+00 -5.537950992584228516e-01 1.059640502929687500e+01 8.409208297729492188e+00 7.593818664550781250e+00 -1.912714362144470215e+00 1.692125320434570312e+01
-1.890760898590087891e+00 -5.533705711364746094e+00 -1.860501766204833984e+00 -8.306452035903930664e-01 1.315592408180236816e+00 5.586898803710937500e+00 5.559482574462890625e+00 8.851931691169738770e-01 -3.387340307235717773e+00 -2.671310305595397949e-01 4.414378166198730469e+00 -6.348053932189941406e+00 -4.954413414001464844e+00 -6.161786556243896484e+00 5.529278278350830078e+00 1.129679870605468750e+01 4.844226360321044922e+00 6.295998096466064453e+00 -2.093277931213378906e+00 1.712358856201171875e+01
-4.702233314514160156e+00 -2.737860918045043945e+00 -8.731935173273086548e-02 -2.551636457443237305e+00 -2.972792387008666992e+00 1.235725212097167969e+01 -2.191461086273193359e+00 -2.344460010528564453e+00 2.493283271789550781e+00 -2.820748567581176758e+00 1.466330432891845703e+01 5.611133575439453125e-01 3.547649145126342773e+00 -5.122296333312988281e+00 1.000719356536865234e+01 1.152947711944580078e+01 -6.013797760009765625e+00 4.457740306854248047e+00 -2.764878511428833008e+00 2.110708808898925781e+01
-3.361196279525756836e+00 7.595658779144287109e+00 4.387669563293457031e+00 -1.431190490722656250e+00 -9.432412147521972656e+00 1.928375434875488281e+01 -7.685312032699584961e-01 8.066848516464233398e-01 3.992378413677215576e-01 -1.602076292037963867e+00 -1.846504807472229004e+00 3.714483082294464111e-01 -4.203475952148437500e+00 -1.784859776496887207e+00 1.071901321411132812e+01 6.130758285522460938e+00 -1.454454231262207031e+01 9.553326606750488281e+00 -2.071729898452758789e+00 2.004613494873046875e+01
-3.192131757736206055e+00 7.797082901000976562e+00 3.654009819030761719e+00 4.320611655712127686e-01 -3.365386009216308594e+00 6.443874359130859375e+00 2.806695222854614258e+00 -2.038590431213378906e+01 -3.232610940933227539e+00 4.185291767120361328e+00 5.568725109100341797e+00 -7.619663476943969727e-01 9.626370668411254883e-01 3.605187177658081055e+00 6.771004199981689453e-02 -6.391030550003051758e-02 -1.590018463134765625e+01 5.098933219909667969e+00 -1.244717717170715332e+00 1.660907745361328125e+01
-1.022432327270507812e+00 4.858901202678680420e-01 -5.543919205665588379e-01 -6.692863255739212036e-02 -6.354657411575317383e-01 -4.101573303341865540e-02 -1.384750843048095703e+00 -9.681353569030761719e-01 -1.484545469284057617e+00 1.989594846963882446e-01 -3.015028238296508789e-01 2.111631870269775391e+00 -3.478201150894165039e+00 -7.374637126922607422e+00 -1.366971302032470703e+01 1.101145863533020020e+00 -6.929888248443603516e+00 3.003368616104125977e+00 2.670691967010498047e+00 1.075041294097900391e+01
4.772120714187622070e-01 -1.484578251838684082e-01 -1.103868484497070312e+00 4.819461703300476074e-02 3.642264008522033691e-01 -3.115871250629425049e-01 1.167863845825195312e+00 3.648415327072143555e+00 2.304996252059936523e+00 1.501530075073242188e+01 2.070003747940063477e+00 6.222421526908874512e-01 1.324263215065002441e+00 1.835227608680725098e+00 -4.293379783630371094e+00 1.835659027099609375e+00 -2.413028240203857422e+00 1.570871472358703613e+00 8.800171017646789551e-01 6.451473236083984375e+00
-6.132166087627410889e-02 1.083273440599441528e-03 -4.801737517118453979e-02 1.408842857927083969e-02 -7.360845804214477539e-03 5.156538635492324829e-02 -8.189208060503005981e-02 4.176895599812269211e-03 -4.434684291481971741e-02 4.957128688693046570e-02 -7.770394440740346909e-04 2.860368974506855011e-02 -6.947294622659683228e-02 4.650551825761795044e-02 -7.730749994516372681e-02 -1.528694294393062592e-02 -1.796102151274681091e-02 4.199412092566490173e-02 -1.614147424697875977e-02 1.774606555700302124e-01
3.552404880523681641e+00 -6.601116180419921875e+00 -8.368113517761230469e+00 -1.896760940551757812e+00 -2.331507205963134766e+00 1.766883373260498047e+00 -3.539165258407592773e+00 -1.785572528839111328e+00 5.634014129638671875e+00 -3.227845191955566406e+00 -2.314509868621826172e+00 9.852163314819335938e+00 7.420564889907836914e-01 1.278566455841064453e+01 -5.826533794403076172e+00 9.744550704956054688e+00 3.933887243270874023e+00 1.750536918640136719e+00 -8.634679913520812988e-01 7.125454425811767578e+00
2.912540197372436523e+00 9.937697410583496094e+00 -3.341197252273559570e+00 3.897207736968994141e+00 -3.018595457077026367e+00 -5.769868373870849609e+00 -1.314136695861816406e+01 -2.531882047653198242e+00 1.361877322196960449e+00 3.435127735137939453e+00 -4.154295921325683594e+00 -9.875135421752929688e+00 -2.050545692443847656e+01 2.520673036575317383e+00 -3.166083395481109619e-01 7.609462261199951172e+00 8.139205932617187500e+00 -9.169487953186035156e-01 -2.226874351501464844e+00 1.419397926330566406e+01
-1.961115121841430664e+00 -1.009861850738525391e+01 1.306509113311767578e+01 6.967885494232177734e+00 6.583423137664794922e+00 3.526676654815673828e+00 -8.716769218444824219e+00 -3.189316987991333008e+00 3.763217449188232422e+00 9.664610028266906738e-01 -3.851791143417358398e+00 -1.028812766075134277e+00 1.179600596427917480e+00 -7.390970587730407715e-01 -9.843807220458984375e-01 -1.826723933219909668e+00 1.545097470283508301e+00 -1.841647148132324219e+01 -4.907006740570068359e+00 1.992125129699707031e+01
-9.649384617805480957e-01 -9.495926856994628906e+00 1.042271709442138672e+01 5.222336292266845703e+00 5.324954509735107422e+00 3.777197122573852539e+00 -7.738321781158447266e+00 -1.584473490715026855e+00 1.557749748229980469e+00 7.840401530265808105e-01 -4.179434776306152344e+00 -4.087938368320465088e-01 1.152045965194702148e+00 -5.172213315963745117e-01 -8.135100007057189941e-01 -3.337399482727050781e+00 5.754891633987426758e-01 -1.682445144653320312e+01 -4.525018215179443359e+00 1.789108276367187500e+01
-5.008361935615539551e-01 -8.673596382141113281e+00 8.869292259216308594e+00 4.224950313568115234e+00 5.027457714080810547e+00 3.422859907150268555e+00 -5.682487010955810547e+00 -2.057668209075927734e+00 2.408030509948730469e+00 9.672496914863586426e-01 -3.663115501403808594e+00 -6.746302247047424316e-01 2.372560977935791016e+00 -1.179258108139038086e+00 -7.185712456703186035e-01 -3.227412939071655273e+00 7.962817549705505371e-01 -1.864940643310546875e+01 -4.797039508819580078e+00 1.894521713256835938e+01
-5.094101428985595703e-01 -7.589933872222900391e+00 7.917845249176025391e+00 3.747118473052978516e+00 5.193546772003173828e+00 3.230414152145385742e+00 -4.985973834991455078e+00 -2.214798450469970703e+00 2.757418155670166016e+00 9.623568058013916016e-01 -3.396432638168334961e+00 -5.703840851783752441e-01 2.616896629333496094e+00 -1.399616718292236328e+00 -6.628720760345458984e-01 -2.996137857437133789e+00 8.607386946678161621e-01 -1.976832771301269531e+01 -5.020206928253173828e+00 1.969317626953125000e+01
-2.662592232227325439e-01 4.984573125839233398e-01 6.867062449455261230e-01 -1.253475666046142578e+00 -5.344555377960205078e-01 -3.619287908077239990e-01 2.944380640983581543e-01 -1.105194613337516785e-01 -1.276655077934265137e+00 5.012506842613220215e-01 -3.394423723220825195e-01 -2.353045344352722168e-01 9.450429081916809082e-01 -9.897958040237426758e-01 -9.082075208425521851e-02 1.886152982711791992e+00 8.483806252479553223e-01 -4.176086902618408203e+00 -1.464100718498229980e+00 8.643744468688964844e+00
-2.390147894620895386e-01 -3.355382442474365234e+00 3.513678789138793945e+00 1.793746113777160645e+00 2.954638719558715820e+00 2.358048915863037109e+00 -1.994301676750183105e+00 -1.794908046722412109e+00 2.604567527770996094e+00 4.337125420570373535e-01 -2.808358907699584961e+00 -7.408603429794311523e-01 2.455429315567016602e+00 -1.359478354454040527e+00 -1.091748774051666260e-01 -2.567447900772094727e+00 1.081256866455078125e+00 -2.018621826171875000e+01 -5.215888977050781250e+00 2.022601890563964844e+01
7.009004354476928711e-01 2.581423044204711914e+00 1.894975453615188599e-01 1.997654080390930176e+00 2.537935972213745117e-01 -5.290819406509399414e-01 -6.170522212982177734e+00 -2.389063835144042969e+00 1.452088475227355957e+00 2.064421892166137695e+00 -2.327760696411132812e+00 -3.713611841201782227e+00 -6.685146808624267578e+00 3.774824440479278564e-01 -3.773705065250396729e-01 3.064214468002319336e+00 3.387782812118530273e+00 -8.414573669433593750e+00 -2.991198778152465820e+00 1.474532604217529297e+01
1.066264417022466660e-02 -2.309015989303588867e-01 -9.450732469558715820e-01 -1.159452050924301147e-01 6.179949045181274414e-01 7.077892422676086426e-01 9.879581928253173828e-01 -5.719871520996093750e-01 1.817279934883117676e+00 -2.633667588233947754e-01 -4.853846728801727295e-01 -2.805518507957458496e-01 2.512889623641967773e+00 -1.294632911682128906e+00 1.544594168663024902e-01 -2.348354339599609375e+00 1.347486227750778198e-01 -1.411470317840576172e+01 -3.586646795272827148e+00 1.446692276000976562e+01
9.196949005126953125e-01 1.803770899772644043e+00 -4.541504859924316406e+00 -2.350433588027954102e+00 -9.087298512458801270e-01 7.254714369773864746e-01 3.542793512344360352e+00 4.019128978252410889e-01 8.474479913711547852e-01 -5.733450055122375488e-01 -1.269680857658386230e+00 7.053230404853820801e-01 3.567164421081542969e+00 -1.244698643684387207e+00 -3.355626761913299561e-02 -4.083505630493164062e+00 -6.862328052520751953e-01 -1.814732742309570312e+01 -4.458604812622070312e+00 1.803902626037597656e+01
1.167536020278930664e+00 3.361572265625000000e+00 -6.029191017150878906e+00 -3.186545133590698242e+00 -1.416437149047851562e+00 -4.427671730518341064e-01 5.559606552124023438e+00 5.013032555580139160e-01 1.561726093292236328e+00 -1.314514875411987305e+00 -6.273716688156127930e-01 2.702935039997100830e-01 4.223032474517822266e+00 -2.122580051422119141e+00 5.525438785552978516e-01 -3.693432807922363281e+00 -8.365442603826522827e-02 -2.074520111083984375e+01 -5.004652976989746094e+00 1.958847808837890625e+01
1.054335355758666992e+00 4.417391300201416016e+00 -6.865185737609863281e+00 -3.795857906341552734e+00 -2.067260026931762695e+00 -9.177896976470947266e-01 6.196675300598144531e+00 1.009347915649414062e+00 1.197932600975036621e+00 -1.463948726654052734e+00 -2.442497014999389648e-01 4.660181105136871338e-01 4.294707775115966797e+00 -2.187866687774658203e+00 6.408661007881164551e-01 -3.638761758804321289e+00 -1.945045739412307739e-01 -2.063431549072265625e+01 -4.998415946960449219e+00 1.986543655395507812e+01
1.156389951705932617e+00 4.983681201934814453e+00 -7.171531200408935547e+00 -3.808865308761596680e+00 -2.296764135360717773e+00 -1.320811033248901367e+00 6.438750743865966797e+00 1.151887536048889160e+00 8.366905450820922852e-01 -1.511275649070739746e+00 -2.989398129284381866e-02 4.256896078586578369e-01 4.096682548522949219e+00 -2.202284574508666992e+00 8.032324314117431641e-01 -3.750182151794433594e+00 -3.196992576122283936e-01 -2.041181755065917969e+01 -4.935329437255859375e+00 1.971323776245117188e+01
1.074750542640686035e+00 4.915697574615478516e+00 -6.777581691741943359e+00 -3.394148588180541992e+00 -2.633071899414062500e+00 -1.131140947341918945e+00 6.191545009613037109e+00 1.677471041679382324e+00 6.806822121143341064e-02 -1.427415609359741211e+00 6.719337105751037598e-01 5.796936750411987305e-01 3.078305482864379883e+00 -1.834751963615417480e+00 9.705919027328491211e-01 -2.886627197265625000e+00 -1.672907322645187378e-01 -1.726278114318847656e+01 -4.495655536651611328e+00 1.852803611755371094e+01
1.236898824572563171e-03 4.507367610931396484e+00 -3.117564201354980469e+00 -1.411075592041015625e+00 -8.893664479255676270e-01 -6.403461098670959473e-01 4.680961370468139648e-01 -9.978743195533752441e-01 5.414545536041259766e-01 7.221143841743469238e-01 -7.958357930183410645e-01 -2.518493652343750000e+00 -3.156327724456787109e+00 -8.829068541526794434e-01 7.651671171188354492e-01 1.659594893455505371e+00 1.880484461784362793e+00 -1.382671928405761719e+01 -4.207489013671875000e+00 1.907667541503906250e+01
8.145434260368347168e-01 4.473905086517333984e+00 -5.710660934448242188e+00 -3.278989076614379883e+00 -2.461559295654296875e+00 -1.529557824134826660e+00 5.691306591033935547e+00 1.582223534584045410e+00 4.238098394125699997e-03 -1.402061343193054199e+00 1.188701033592224121e+00 7.759646177291870117e-01 2.681786298751831055e+00 -1.487849593162536621e+00 9.926860928535461426e-01 -2.432704210281372070e+00 -3.274179995059967041e-01 -1.532268619537353516e+01 -4.054543495178222656e+00 1.686674880981445312e+01
1.177103757858276367e+00 -2.367210865020751953e+00 7.859570384025573730e-01 3.440295457839965820e-01 -5.815354824066162109e+00 -2.629590511322021484e+00 1.249055378139019012e-02 8.652813911437988281e+00 -9.777034759521484375e+00 -1.127770066261291504e+00 8.348597288131713867e-01 4.060527324676513672e+00 -2.546755790710449219e+00 3.145808696746826172e+00 -6.742633879184722900e-02 -4.479545593261718750e+00 -3.991737127304077148e+00 -1.630784392356872559e+00 -1.840638637542724609e+00 1.223943710327148438e+01
3.140065670013427734e-01 -2.441252946853637695e+00 -2.765233814716339111e-01 1.400796175003051758e+00 -3.020730018615722656e+00 -3.159113407135009766e+00 -1.873804211616516113e+00 1.892049551010131836e+00 -1.071932601928710938e+01 1.484076619148254395e+00 3.448443889617919922e+00 4.388435840606689453e+00 -2.932534456253051758e+00 6.995862007141113281e+00 -1.973643183708190918e+00 -5.667374134063720703e+00 -5.525380611419677734e+00 1.319529294967651367e+00 -1.562731504440307617e+00 9.791108131408691406e+00
-1.404183745384216309e+00 -4.669426381587982178e-01 -1.037546843290328979e-01 1.743515253067016602e+00 9.594447910785675049e-02 1.055214524269104004e+00 -2.393430948257446289e+00 6.437332630157470703e-01 -5.767323017120361328e+00 5.196864530444145203e-02 2.728462457656860352e+00 3.349609613418579102e+00 -4.251107215881347656e+00 4.783922195434570312e+00 -3.123880624771118164e+00 -6.855363368988037109e+00 -3.251399755477905273e+00 3.642265558242797852e+00 -1.180901050567626953e+00 7.865266799926757812e+00
-6.428021788597106934e-01 -9.432359039783477783e-02 -1.545654058456420898e+00 -2.172801494598388672e+00 3.518955469131469727e+00 -3.918749690055847168e-01 -3.142619371414184570e+00 9.653653502464294434e-01 -3.726243019104003906e+00 1.103794455528259277e+00 1.029865980148315430e+00 1.842677831649780273e+00 -5.040629506111145020e-01 2.678959369659423828e+00 -2.129117012023925781e+00 -4.170205593109130859e+00 -1.837053179740905762e+00 3.404775142669677734e+00 -7.392838001251220703e-01 7.162286281585693359e+00
4.719535708427429199e-01 7.553437352180480957e-01 -2.391319036483764648e+00 -5.661781311035156250e+00 6.189964294433593750e+00 3.072769008576869965e-02 -5.898951053619384766e+00 5.040066242218017578e-01 -3.319361686706542969e+00 1.047528862953186035e+00 3.988759219646453857e-01 1.079347372055053711e+00 3.153568744659423828e+00 -5.483878254890441895e-01 -8.622780442237854004e-01 -3.928036212921142578e+00 5.857514739036560059e-01 5.388363838195800781e+00 -9.378166198730468750e-01 8.280464172363281250e+00
3.829882740974426270e-01 1.876526951789855957e+00 -3.134428739547729492e+00 -9.255034446716308594e+00 5.137837886810302734e+00 -3.315310478210449219e-01 -1.009392452239990234e+01 2.583718001842498779e-01 -6.190386772155761719e+00 2.314227342605590820e+00 -3.061777353286743164e+00 7.340407371520996094e-02 9.780989646911621094e+00 -4.887871742248535156e+00 -8.850352168083190918e-01 -4.517595767974853516e+00 3.474712133407592773e+00 9.342845916748046875e+00 -1.401308298110961914e+00 1.332508087158203125e+01
8.072435855865478516e-01 1.866396546363830566e+00 -1.333276987075805664e+00 -1.480397582054138184e+00 -1.212599501013755798e-01 2.627790570259094238e-01 -7.486939430236816406e+00 4.564213156700134277e-01 -7.703426361083984375e+00 3.599187374114990234e+00 -6.040081501007080078e+00 -7.882456183433532715e-01 1.106862354278564453e+01 -7.973775386810302734e+00 -1.764394879341125488e+00 -1.393254041671752930e+00 4.812597751617431641e+00 1.027453613281250000e+01 -1.184468746185302734e+00 1.641227149963378906e+01
7.424741238355636597e-02 2.583865404129028320e+00 -3.037694454193115234e+00 7.084136009216308594e+00 2.181877613067626953e+00 2.755788803100585938e+00 -1.698980450630187988e+00 -1.012750744819641113e+00 -6.121843338012695312e+00 2.282745361328125000e+00 -7.543076276779174805e-01 8.083331584930419922e-01 1.082523059844970703e+01 -7.065398216247558594e+00 -4.313300549983978271e-01 5.321633338928222656e+00 5.109880447387695312e+00 8.038145065307617188e+00 -1.046758055686950684e+00 1.662415122985839844e+01
-8.411320447921752930e-01 -2.814803838729858398e+00 -3.096138477325439453e+00 3.371798098087310791e-01 1.456972360610961914e+00 5.466918468475341797e+00 5.906469821929931641e-01 -6.569732427597045898e-01 -3.743372201919555664e+00 1.181463599205017090e+00 2.570341587066650391e+00 -1.757214784622192383e+00 1.635296225547790527e+00 -4.291819095611572266e+00 1.185566663742065430e+00 9.756997108459472656e+00 3.059875011444091797e+00 5.019374847412109375e+00 -7.420172095298767090e-01 1.348414134979248047e+01
3.266162797808647156e-02 -3.843160629272460938e+00 -4.988862514495849609e+00 -4.894682765007019043e-01 -7.557145357131958008e-01 9.169157028198242188e+00 -1.973974108695983887e+00 -2.221564292907714844e+00 1.071044325828552246e+00 -1.943904519081115723e+00 5.052576541900634766e+00 4.317617416381835938e+00 4.440717697143554688e+00 2.100439786911010742e+00 7.383116483688354492e-01 1.325929927825927734e+01 1.134638547897338867e+00 3.917703628540039062e+00 -1.388995528221130371e+00 1.426930141448974609e+01
-1.606493234634399414e+00 3.882214784622192383e+00 -1.680288650095462799e-02 -8.600708842277526855e-01 -3.044363260269165039e+00 9.030778884887695312e+00 -2.731554269790649414e+00 -7.395074367523193359e-01 -6.767486035823822021e-02 7.944206595420837402e-01 -1.887241750955581665e-01 -3.039060592651367188e+00 -6.845036983489990234e+00 -5.878621339797973633e-01 4.460658550262451172e+00 7.130421638488769531e+00 -1.403206944465637207e+00 4.253592014312744141e+00 -1.951170325279235840e+00 1.372396659851074219e+01
-3.854483604431152344e+00 4.873660564422607422e+00 2.036971807479858398e+00 1.704954028129577637e+00 -2.202000617980957031e+00 7.842761993408203125e+00 5.521749258041381836e-01 -1.211014270782470703e+01 -2.102326899766921997e-01 2.286463260650634766e+00 4.711071014404296875e+00 6.294848769903182983e-02 1.070654839277267456e-01 3.345411777496337891e+00 6.294426321983337402e-01 6.264715194702148438e-01 -7.956173896789550781e+00 1.580198287963867188e+00 -2.183920621871948242e+00 1.473023033142089844e+01
-2.940668463706970215e-01 3.207492530345916748e-01 6.582106947898864746e-01 -3.084762394428253174e-01 -2.424372583627700806e-01 2.954420447349548340e-01 -1.134540081024169922e+00 -5.116342902183532715e-01 -3.079102635383605957e-01 9.437394142150878906e-01 -2.914597094058990479e-01 -1.952948570251464844e-01 3.337074816226959229e-02 -1.352977901697158813e-01 -3.209162652492523193e-01 1.788246631622314453e+00 4.115958809852600098e-01 -1.975188255310058594e+00 -8.867857456207275391e-01 5.798431873321533203e+00
5.402351617813110352e-01 -2.410254001617431641e+00 7.815504074096679688e-01 6.575416922569274902e-01 -9.012267589569091797e-01 4.445745646953582764e-01 -1.963033199310302734e+00 1.212376713752746582e+00 -2.466087579727172852e+00 1.177731156349182129e+00 -1.512122273445129395e+00 9.285283088684082031e-01 -4.169227778911590576e-01 7.163779735565185547e-01 -1.146145582199096680e+00 -8.825337886810302734e-01 -1.385346412658691406e+00 -4.549437999725341797e+00 -1.572550892829895020e+00 9.742749214172363281e+00
7.817675918340682983e-02 -5.405309200286865234e-01 -2.324989251792430878e-02 1.336677819490432739e-01 -5.828837752342224121e-01 -3.187138438224792480e-01 -2.694079279899597168e-01 4.288755655288696289e-01 -1.894384503364562988e+00 7.441653609275817871e-01 -1.173735479824244976e-03 1.002477526664733887e+00 -2.863490283489227295e-01 1.042606234550476074e+00 -6.687787175178527832e-01 2.872384339570999146e-02 -8.898186087608337402e-01 -3.101632595062255859e-01 -6.889999508857727051e-01 4.500675678253173828e+00
8.472224473953247070e-01 -3.173580884933471680e+00 -3.120674788951873779e-01 1.049995422363281250e+00 -5.816067457199096680e-01 8.608999103307723999e-02 -1.770526409149169922e+00 1.122061967849731445e+00 -4.612147331237792969e+00 8.935981392860412598e-01 -1.488283276557922363e+00 1.498581767082214355e+00 -1.632212758064270020e+00 2.332093238830566406e+00 -2.502996921539306641e+00 -3.330890655517578125e+00 -1.881439685821533203e+00 -5.226068019866943359e+00 -2.039824962615966797e+00 1.004051017761230469e+01
1.937226653099060059e-01 -6.641306877136230469e-01 -3.601488471031188965e-01 -8.100762963294982910e-02 -2.675019800662994385e-01 2.793266177177429199e-01 -1.014981985092163086e+00 3.772061467170715332e-01 -1.125890493392944336e+00 6.341226696968078613e-01 -3.787735700607299805e-01 6.810978055000305176e-01 -1.854310780763626099e-01 7.663537263870239258e-01 -5.909448266029357910e-01 -3.498760461807250977e-01 -5.655617117881774902e-01 -2.130429267883300781e+00 -1.065105438232421875e+00 5.621563911437988281e+00
-9.698606282472610474e-02 -6.066415905952453613e-01 -2.191389203071594238e-01 -5.735730379819869995e-02 -2.570241093635559082e-01 2.645771205425262451e-01 -1.074459314346313477e+00 2.383670359849929810e-01 -1.049585819244384766e+00 7.697116732597351074e-01 -4.398220479488372803e-01 4.962646365165710449e-01 -1.181139424443244934e-01 7.410981059074401855e-01 -6.904030442237854004e-01 -3.832954764366149902e-01 -6.321827769279479980e-01 -2.961591720581054688e+00 -1.228076457977294922e+00 6.999409675598144531e+00
